id,exp
1001,100
1002,200
1003,300
1004,400
1005,500
1006,600
1007,700
1008,800
1009,900
1010,1000
1011,1100
1012,1200
1013,1300
1014,1400
1015,1500
1016,1600
1017,1700
1018,1800
1019,1900
1020,2000
1021,2100
1022,2200
1023,2300
1024,2400
1025,2500
1026,2600
1027,2700
1028,2800
1029,2900
1030,3000
2001,3100
2002,3200
2003,3300
2004,3400
2005,3500
2006,3600
2007,3700
2008,3800
2009,3900
2010,4000
2011,4100
2012,4200
2013,4300
2014,4400
2015,4500
2016,4600
2017,4700
2018,4800
2019,4900
2020,5000
2021,5100
2022,5200
2023,5300
2024,5400
2025,5500
2026,5600
2027,5700
2028,5800
2029,5900
2030,6000
2031,6100
2032,6200
2033,6300
2034,6400
2035,6500
2036,6600
2037,6700
2038,6800
2039,6900
2040,7000
2041,7100
2042,7200
2043,7300
2044,7400
2045,7500
2046,7600
2047,7700
2048,7800
2049,7900
2050,8000
2051,8100
2052,8200
2053,8300
2054,8400
2055,8500
2056,8600
2057,8700
2058,8800
2059,8900
2060,9000
3001,9100
3002,9200
3003,9300
3004,9400
3005,9500
3006,9600
3007,9700
3008,9800
3009,9900
3010,10000
3011,10100
3012,10200
3013,10300
3014,10400
3015,10500
3016,10600
3017,10700
3018,10800
3019,10900
3020,11000
3021,11100
3022,11200
3023,11300
3024,11400
3025,11500
3026,11600
3027,11700
3028,11800
3029,11900
3030,12000
3031,12100
3032,12200
3033,12300
3034,12400
3035,12500
3036,12600
3037,12700
3038,12800
3039,12900
3040,13000
3041,13100
3042,13200
3043,13300
3044,13400
3045,13500
3046,13600
3047,13700
3048,13800
3049,13900
3050,14000
3051,14100
3052,14200
3053,14300
3054,14400
3055,14500
3056,14600
3057,14700
3058,14800
3059,14900
3060,15000
3061,15100
3062,15200
3063,15300
3064,15400
3065,15500
3066,15600
3067,15700
3068,15800
3069,15900
3070,16000
3071,16100
3072,16200
3073,16300
3074,16400
3075,16500
3076,16600
3077,16700
3078,16800
3079,16900
3080,17000
3081,17100
3082,17200
3083,17300
3084,17400
3085,17500
3086,17600
3087,17700
3088,17800
3089,17900
3090,18000
4001,18100
4002,18200
4003,18300
4004,18400
4005,18500
4006,18600
4007,18700
4008,18800
4009,18900
4010,19000
4011,19100
4012,19200
4013,19300
4014,19400
4015,19500
4016,19600
4017,19700
4018,19800
4019,19900
4020,20000
4021,20100
4022,20200
4023,20300
4024,20400
4025,20500
4026,20600
4027,20700
4028,20800
4029,20900
4030,21000
4031,21100
4032,21200
4033,21300
4034,21400
4035,21500
4036,21600
4037,21700
4038,21800
4039,21900
4040,22000
4041,22100
4042,22200
4043,22300
4044,22400
4045,22500
4046,22600
4047,22700
4048,22800
4049,22900
4050,23000
4051,23100
4052,23200
4053,23300
4054,23400
4055,23500
4056,23600
4057,23700
4058,23800
4059,23900
4060,24000
4061,24100
4062,24200
4063,24300
4064,24400
4065,24500
4066,24600
4067,24700
4068,24800
4069,24900
4070,25000
4071,25100
4072,25200
4073,25300
4074,25400
4075,25500
4076,25600
4077,25700
4078,25800
4079,25900
4080,26000
4081,26100
4082,26200
4083,26300
4084,26400
4085,26500
4086,26600
4087,26700
4088,26800
4089,26900
4090,27000
4091,27100
4092,27200
4093,27300
4094,27400
4095,27500
4096,27600
4097,27700
4098,27800
4099,27900
4100,28000
4101,28100
4102,28200
4103,28300
4104,28400
4105,28500
4106,28600
4107,28700
4108,28800
4109,28900
4110,29000
4111,29100
4112,29200
4113,29300
4114,29400
4115,29500
4116,29600
4117,29700
4118,29800
4119,29900
4120,30000
5001,30100
5002,30200
5003,30300
5004,30400
5005,30500
5006,30600
5007,30700
5008,30800
5009,30900
5010,31000
5011,31100
5012,31200
5013,31300
5014,31400
5015,31500
5016,31600
5017,31700
5018,31800
5019,31900
5020,32000
5021,32100
5022,32200
5023,32300
5024,32400
5025,32500
5026,32600
5027,32700
5028,32800
5029,32900
5030,33000
5031,33100
5032,33200
5033,33300
5034,33400
5035,33500
5036,33600
5037,33700
5038,33800
5039,33900
5040,34000
5041,34100
5042,34200
5043,34300
5044,34400
5045,34500
5046,34600
5047,34700
5048,34800
5049,34900
5050,35000
5051,35100
5052,35200
5053,35300
5054,35400
5055,35500
5056,35600
5057,35700
5058,35800
5059,35900
5060,36000
5061,36100
5062,36200
5063,36300
5064,36400
5065,36500
5066,36600
5067,36700
5068,36800
5069,36900
5070,37000
5071,37100
5072,37200
5073,37300
5074,37400
5075,37500
5076,37600
5077,37700
5078,37800
5079,37900
5080,38000
5081,38100
5082,38200
5083,38300
5084,38400
5085,38500
5086,38600
5087,38700
5088,38800
5089,38900
5090,39000
5091,39100
5092,39200
5093,39300
5094,39400
5095,39500
5096,39600
5097,39700
5098,39800
5099,39900
5100,40000
5101,40100
5102,40200
5103,40300
5104,40400
5105,40500
5106,40600
5107,40700
5108,40800
5109,40900
5110,41000
5111,41100
5112,41200
5113,41300
5114,41400
5115,41500
5116,41600
5117,41700
5118,41800
5119,41900
5120,42000
5121,42100
5122,42200
5123,42300
5124,42400
5125,42500
5126,42600
5127,42700
5128,42800
5129,42900
5130,43000
5131,43100
5132,43200
5133,43300
5134,43400
5135,43500
5136,43600
5137,43700
5138,43800
5139,43900
5140,44000
5141,44100
5142,44200
5143,44300
5144,44400
5145,44500
5146,44600
5147,44700
5148,44800
5149,44900
5150,45000
